return {
	Vector3.new(0, 0, 0),
	Vector3.new(0.3727989196777344, 0.9393892288208008, 0),
	Vector3.new(0.8055248260498047, -0.026897430419921875, 0),
	Vector3.new(0.64453125, 0.3088798522949219, 0),
	Vector3.new(0.19118309020996094, 0.28718090057373047, 0),
	Vector3.new(-0.0012264251708984375, -0.01520538330078125, 0),
	Vector3.new(1.1349620819091797, 0.006094932556152344, 0),
	Vector3.new(1.1272468566894531, 0.9376506805419922, 0),
	Vector3.new(1.5596694946289062, 0.8943710327148438, 0),
	Vector3.new(1.7740974426269531, 0.6781997680664062, 0),
	Vector3.new(1.8271827697753906, 0.31117725372314453, 0),
	Vector3.new(1.6063308715820312, 0.10409259796142578, 0),
	Vector3.new(1.2690582275390625, 0.05415821075439453, 0),
	Vector3.new(2.2682342529296875, 0.012181282043457031, 0),
	Vector3.new(2.1732921600341797, 0.9443292617797852, 0),
	Vector3.new(2.67535400390625, 0.8704242706298828, 0),
	Vector3.new(2.67535400390625, 0.8704242706298828, 0),
	Vector3.new(2.893268585205078, 0.7694272994995117, 0),
	Vector3.new(2.942821502685547, 0.5515174865722656, 0),
	Vector3.new(2.9062232971191406, 0.26219940185546875, 0),
	Vector3.new(2.804180145263672, 0.1304922103881836, 0),
	Vector3.new(2.608142852783203, 0.046919822692871094, 0),
	Vector3.new(2.4105358123779297, 0.02931690216064453, 0),
	Vector3.new(3.776548385620117, 0.0032062530517578125, 0),
	Vector3.new(3.7729854583740234, 0.9516191482543945, 0),
	Vector3.new(4.413387298583984, -0.011109352111816406, 0),
	Vector3.new(4.401119232177734, 0.9560708999633789, 0),
	Vector3.new(4.424322128295898, 0.05847454071044922, 0),
	Vector3.new(4.923347473144531, 0.008794784545898438, 0),
	Vector3.new(4.873884201049805, 0.9550228118896484, 0),
	Vector3.new(5.342958450317383, 0.9369535446166992, 0),
	Vector3.new(4.893766403198242, 0.9556503295898438, 0),
	Vector3.new(4.879873275756836, 0.5425233840942383, 0),
	Vector3.new(5.334205627441406, 0.5345296859741211, 0),
	Vector3.new(4.884113311767578, 0.5446681976318359, 0),
	Vector3.new(4.898902893066406, 0.02244281768798828, 0),
	Vector3.new(5.388782501220703, 0.019744873046875, 0),
	Vector3.new(5.823474884033203, 0.029024124145507812, 0),
	Vector3.new(5.831142425537109, 0.9583263397216797, 0),
	Vector3.new(6.270626068115234, 0.8944559097290039, 0),
	Vector3.new(6.4764862060546875, 0.7518720626831055, 0),
	Vector3.new(6.525392532348633, 0.4660825729370117, 0),
	Vector3.new(6.482465744018555, 0.2901802062988281, 0),
	Vector3.new(6.392814636230469, 0.13776683807373047, 0),
	Vector3.new(6.135684967041016, 0.021928787231445312, 0),
	Vector3.new(5.867391586303711, 0.016327857971191406, 0),
	Vector3.new(7.40924072265625, 0.01972484588623047, 0),
	Vector3.new(6.8445281982421875, 0.03672504425048828, 0),
	Vector3.new(6.8598785400390625, 0.9498414993286133, 0),
	Vector3.new(7.333156585693359, 0.9741935729980469, 0),
	Vector3.new(7.348674774169922, 0.9749917984008789, 0),
	Vector3.new(6.93571662902832, 0.9409341812133789, 0),
	Vector3.new(6.920326232910156, 0.5473222732543945, 0),
	Vector3.new(7.377281188964844, 0.5237846374511719, 0),
	Vector3.new(6.841579437255859, 0.5975723266601562, 0),
	Vector3.new(6.85984992980957, 0.0511474609375, 0),
	Vector3.new(7.683650970458984, 0.0106353759765625, 0),
	Vector3.new(8.044055938720703, 0.9441633224487305, 0),
	Vector3.new(8.297052383422852, 0.3441295623779297, 0),
	Vector3.new(7.867771148681641, 0.28873252868652344, 0),
	Vector3.new(8.32320785522461, 0.3160867691040039, 0),
	Vector3.new(8.410493850708008, 0.03967761993408203, 0),
	Vector3.new(8.776617050170898, 0.031897544860839844, 0),
	Vector3.new(8.805353164672852, 0.9405174255371094, 0),
	Vector3.new(9.117431640625, 0.9276762008666992, 0),
	Vector3.new(9.263057708740234, 0.8502006530761719, 0),
	Vector3.new(9.2952880859375, 0.666163444519043, 0),
	Vector3.new(9.188644409179688, 0.48822879791259766, 0),
	Vector3.new(8.926332473754883, 0.47947120666503906, 0),
	Vector3.new(9.31097412109375, 0.23978710174560547, 0),
	Vector3.new(9.467887878417969, -0.04757404327392578, 0),
	Vector3.new(9.798702239990234, 0.0049533843994140625, 0),
	Vector3.new(9.749679565429688, 0.9432668685913086, 0),
	Vector3.new(10.098943710327148, 0.930781364440918, 0),
	Vector3.new(10.27518081665039, 0.8661069869995117, 0),
	Vector3.new(10.352643966674805, 0.6773805618286133, 0),
	Vector3.new(10.250940322875977, 0.5838918685913086, 0),
	Vector3.new(10.051807403564453, 0.5320377349853516, 0),
	Vector3.new(9.889387130737305, 0.5414400100708008, 0),
	Vector3.new(10.265031814575195, 0.49391746520996094, 0),
	Vector3.new(10.345237731933594, 0.3589668273925781, 0),
	Vector3.new(10.342716217041016, 0.2506294250488281, 0),
	Vector3.new(10.289234161376953, 0.14005470275878906, 0),
	Vector3.new(10.202352523803711, 0.059632301330566406, 0),
	Vector3.new(9.983728408813477, 0.05537986755371094, 0),
	Vector3.new(9.849172592163086, 0.02151966094970703, 0),
	Vector3.new(11.471626281738281, -0.04741668701171875, 0),
	Vector3.new(11.805294036865234, -0.04220104217529297, 0),
	Vector3.new(11.869722366333008, 0.17453861236572266, 0),
	Vector3.new(11.968393325805664, 0.42110538482666016, 0),
	Vector3.new(11.97195053100586, 0.691706657409668, 0),
	Vector3.new(11.852602005004883, 0.8889780044555664, 0),
	Vector3.new(11.634054183959961, 0.9860506057739258, 0),
	Vector3.new(11.42300796508789, 0.9914770126342773, 0),
	Vector3.new(11.289846420288086, 0.7282199859619141, 0),
	Vector3.new(11.18826675415039, 0.539454460144043, 0),
	Vector3.new(11.211526870727539, 0.2244710922241211, 0),
	Vector3.new(11.39442253112793, 0.09914016723632812, 0),
	Vector3.new(11.80605697631836, -0.058930397033691406, 0),
	Vector3.new(12.336172103881836, -0.01693248748779297, 0),
	Vector3.new(12.337844848632812, 1.0025749206542969, 0),
	Vector3.new(13.003992080688477, -0.006173133850097656, 0),
	Vector3.new(12.998706817626953, 0.9849987030029297, 0),
	Vector3.new(12.96746826171875, -0.0413360595703125, 0),
	Vector3.new(13.99886703491211, -0.043534278869628906, 0),
	Vector3.new(13.910676002502441, 0.9598217010498047, 0),
	Vector3.new(14.218504905700684, 0.9562749862670898, 0),
	Vector3.new(14.514116287231445, 0.8182754516601562, 0),
	Vector3.new(14.596566200256348, 0.47948741912841797, 0),
	Vector3.new(14.597505569458008, 0.2340564727783203, 0),
	Vector3.new(14.467981338500977, 0.10697555541992188, 0),
	Vector3.new(14.261892318725586, 0.04980182647705078, 0),
	Vector3.new(14.096888542175293, 0.011434555053710938, 0),
	Vector3.new(15.037174224853516, 0.008314132690429688, 0),
	Vector3.new(14.987001419067383, 1.0216684341430664, 0),
	Vector3.new(15.10435676574707, 0.009364128112792969, 0),
	Vector3.new(15.439874649047852, 0.03307151794433594, 0),
	Vector3.new(15.812738418579102, 0.02043628692626953, 0),
	Vector3.new(15.90510368347168, 0.31746578216552734, 0),
	Vector3.new(15.770256042480469, 0.4948558807373047, 0),
	Vector3.new(15.52785873413086, 0.5591058731079102, 0),
	Vector3.new(15.395885467529297, 0.7476329803466797, 0),
	Vector3.new(15.467662811279297, 0.9227085113525391, 0),
	Vector3.new(15.73359203338623, 0.933140754699707, 0),
	Vector3.new(15.962358474731445, 0.9247512817382812, 0),
	Vector3.new(15.658672332763672, 0.9645853042602539, 0),
	Vector3.new(15.464972496032715, 0.8366355895996094, 0),
	Vector3.new(15.471271514892578, 0.6103248596191406, 0),
	Vector3.new(15.760147094726562, 0.44071483612060547, 0),
	Vector3.new(15.89515495300293, 0.26236915588378906, 0),
	Vector3.new(15.809906005859375, 0.1318035125732422, 0),
	Vector3.new(15.831655502319336, 0.0393829345703125, 0),
	Vector3.new(17.029273986816406, -0.01839923858642578, 0),
	Vector3.new(16.436595916748047, 0.08692264556884766, 0),
	Vector3.new(16.22652816772461, 0.43484973907470703, 0),
	Vector3.new(16.231008529663086, 0.6876649856567383, 0),
	Vector3.new(16.350807189941406, 0.851740837097168, 0),
	Vector3.new(16.558822631835938, 0.9478855133056641, 0),
	Vector3.new(16.845518112182617, 0.9412212371826172, 0),
	Vector3.new(16.507427215576172, 0.9635000228881836, 0),
	Vector3.new(16.305980682373047, 0.49161720275878906, 0),
	Vector3.new(16.677818298339844, 0.09104061126708984, 0),
	Vector3.new(17.65941619873047, -0.00946044921875, 0),
	Vector3.new(17.949241638183594, 0.05383110046386719, 0),
	Vector3.new(18.0682315826416, 0.5399456024169922, 0),
	Vector3.new(17.895488739013672, 0.889805793762207, 0),
	Vector3.new(17.647525787353516, 0.9538002014160156, 0),
	Vector3.new(17.420076370239258, 0.8908185958862305, 0),
	Vector3.new(17.373023986816406, 0.6510028839111328, 0),
	Vector3.new(17.338294982910156, 0.4450235366821289, 0),
	Vector3.new(17.39699935913086, 0.2570056915283203, 0),
	Vector3.new(17.419527053833008, 0.10370063781738281, 0),
	Vector3.new(18.42280387878418, -0.018648147583007812, 0),
	Vector3.new(18.374526977539062, 0.9813480377197266, 0),
	Vector3.new(18.770877838134766, 0.9025964736938477, 0),
	Vector3.new(18.999248504638672, 0.7966737747192383, 0),
	Vector3.new(19.017913818359375, 0.6821565628051758, 0),
	Vector3.new(18.903221130371094, 0.5628452301025391, 0),
	Vector3.new(18.664966583251953, 0.5563116073608398, 0),
	Vector3.new(19.114063262939453, 0.09226512908935547, 0),
	Vector3.new(19.181053161621094, -0.008258819580078125, 0),
	Vector3.new(19.506256103515625, 0.016736984252929688, 0),
	Vector3.new(19.46381378173828, 0.9845771789550781, 0),
	Vector3.new(19.977672576904297, 0.8873844146728516, 0),
	Vector3.new(20.248367309570312, 0.5395488739013672, 0),
	Vector3.new(20.214214324951172, 0.29537200927734375, 0),
	Vector3.new(20.076894760131836, 0.14906024932861328, 0),
	Vector3.new(19.9301700592041, 0.022749900817871094, 0),
	Vector3.new(19.598796844482422, -0.0025348663330078125, 0),
	Vector3.new(18.25693130493164, -0.0009851455688476562, 0)
}
