return {
	Vector3.new(0, 0, 0),
	Vector3.new(-0.5441398620605469, 0.19037246704101562, 0),
	Vector3.new(-3.0512123107910156, 3.233867645263672, 0),
	Vector3.new(-2.8656463623046875, 3.4968833923339844, 0),
	Vector3.new(3.1433658599853516, 6.888429641723633, 0),
	Vector3.new(5.155459403991699, 7.621423721313477, 0),
	Vector3.new(5.689418792724609, 7.467386245727539, 0),
	Vector3.new(6.834237098693848, 5.694864273071289, 0),
	Vector3.new(6.931329727172852, 5.480352401733398, 0),
	Vector3.new(5.379946708679199, 4.884540557861328, 0),
	Vector3.new(4.074380874633789, 4.079578399658203, 0),
	Vector3.new(2.821941375732422, 3.1662750244140625, 0),
	Vector3.new(1.7309436798095703, 2.4112415313720703, 0),
	Vector3.new(0.847508430480957, 1.6988677978515625, 0),
	Vector3.new(-0.08682537078857422, 0.7881717681884766, 0),
	Vector3.new(-0.5072212219238281, 0.3229961395263672, 0),
	Vector3.new(0.0468597412109375, 0.02487945556640625, 0),
	Vector3.new(3.980792999267578, 2.4898834228515625, 0),
	Vector3.new(3.752584457397461, 3.068706512451172, 0),
	Vector3.new(3.7012157440185547, 3.665691375732422, 0),
	Vector3.new(5.004508972167969, 4.570713043212891, 0),
	Vector3.new(6.878790855407715, 5.505071640014648, 0),
	Vector3.new(7.220276832580566, 4.656354904174805, 0),
	Vector3.new(7.126747131347656, 4.398265838623047, 0),
	Vector3.new(6.226088523864746, 3.6932373046875, 0),
	Vector3.new(5.839256286621094, 4.3544464111328125, 0),
	Vector3.new(5.178864479064941, 4.523017883300781, 0),
	Vector3.new(3.860027313232422, 3.831239700317383, 0),
	Vector3.new(3.733119010925293, 3.4499282836914062, 0),
	Vector3.new(4.151813507080078, 2.4338340759277344, 0),
	Vector3.new(6.103723526000977, -0.7539291381835938, 0),
	Vector3.new(7.953945159912109, -3.6085052490234375, 0),
	Vector3.new(10.147760391235352, -6.460789680480957, 0),
	Vector3.new(12.50820255279541, -9.380800247192383, 0),
	Vector3.new(14.101806640625, -11.11955451965332, 0),
	Vector3.new(14.843963623046875, -12.593793869018555, 0),
	Vector3.new(15.218254089355469, -14.805055618286133, 0),
	Vector3.new(15.615800857543945, -15.612205505371094, 0),
	Vector3.new(16.684791564941406, -15.699106216430664, 0),
	Vector3.new(17.521625518798828, -15.103550910949707, 0),
	Vector3.new(17.00867462158203, -14.19188404083252, 0),
	Vector3.new(16.547441482543945, -12.522829055786133, 0),
	Vector3.new(15.632346153259277, -10.931218147277832, 0),
	Vector3.new(13.848060607910156, -8.715055465698242, 0),
	Vector3.new(12.926962852478027, -9.61788272857666, 0),
	Vector3.new(13.632055282592773, -8.636061668395996, 0),
	Vector3.new(12.82729434967041, -9.516082763671875, 0),
	Vector3.new(13.524652481079102, -8.542863845825195, 0),
	Vector3.new(12.660083770751953, -9.380943298339844, 0),
	Vector3.new(13.384693145751953, -8.298028945922852, 0),
	Vector3.new(12.448078155517578, -9.16299057006836, 0),
	Vector3.new(13.219703674316406, -8.159034729003906, 0),
	Vector3.new(12.297331809997559, -9.054849624633789, 0),
	Vector3.new(13.080412864685059, -8.024131774902344, 0),
	Vector3.new(12.17458724975586, -8.910812377929688, 0),
	Vector3.new(12.972670555114746, -7.884634017944336, 0),
	Vector3.new(12.095097541809082, -8.748651504516602, 0),
	Vector3.new(12.845477104187012, -7.772308349609375, 0),
	Vector3.new(11.980231285095215, -8.64345932006836, 0),
	Vector3.new(12.730510711669922, -7.639988899230957, 0),
	Vector3.new(11.883064270019531, -8.518306732177734, 0),
	Vector3.new(12.63455581665039, -7.480854034423828, 0),
	Vector3.new(11.781181335449219, -8.321538925170898, 0),
	Vector3.new(12.583311080932617, -7.435595512390137, 0),
	Vector3.new(13.837163925170898, -8.723551750183105, 0),
	Vector3.new(11.337940216064453, -5.927776336669922, 0),
	Vector3.new(9.651066780090332, -3.726398468017578, 0),
	Vector3.new(8.007708549499512, -1.1016311645507812, 0),
	Vector3.new(6.703620910644531, 1.7032890319824219, 0),
	Vector3.new(6.113266944885254, 3.9355010986328125, 0)
}
