return {
	Vector3.new(0, 0, 0),
	Vector3.new(1.1732978820800781, -0.0544743537902832, 0),
	Vector3.new(1.4176559448242188, -0.18810653686523438, 0),
	Vector3.new(1.8974037170410156, -0.2278299331665039, 0),
	Vector3.new(2.0335426330566406, -0.3369760513305664, 0),
	Vector3.new(2.371265411376953, -0.35201549530029297, 0),
	Vector3.new(2.4724884033203125, -0.5088467597961426, 0),
	Vector3.new(2.680196762084961, -0.5947771072387695, 0),
	Vector3.new(2.9341487884521484, -0.5616884231567383, 0),
	Vector3.new(3.138690948486328, -0.40732479095458984, 0),
	Vector3.new(3.214824676513672, -0.5767722129821777, 0),
	Vector3.new(3.363567352294922, -0.7224225997924805, 0),
	Vector3.new(3.5354652404785156, -0.772458553314209, 0),
	Vector3.new(3.8054542541503906, -0.727877140045166, 0),
	Vector3.new(4.077207565307617, -0.5378050804138184, 0),
	Vector3.new(4.214483261108398, -0.35648155212402344, 0),
	Vector3.new(4.302595138549805, -0.21007490158081055, 0),
	Vector3.new(4.466083526611328, -0.19900131225585938, 0),
	Vector3.new(5.4954071044921875, -0.2067251205444336, 0),
	Vector3.new(5.537712097167969, -0.05736732482910156, 0),
	Vector3.new(5.580924987792969, 0.11804485321044922, 0),
	Vector3.new(5.880413055419922, 0.1671924591064453, 0),
	Vector3.new(6.164011001586914, 0.8067107200622559, 0),
	Vector3.new(6.539417266845703, 1.226186752319336, 0),
	Vector3.new(7.130645751953125, 1.4687891006469727, 0),
	Vector3.new(7.679975509643555, 1.5265693664550781, 0),
	Vector3.new(8.237985610961914, 1.4230194091796875, 0),
	Vector3.new(8.757511138916016, 1.1438651084899902, 0),
	Vector3.new(9.166240692138672, 0.5596704483032227, 0),
	Vector3.new(9.166240692138672, 0.5596704483032227, 0),
	Vector3.new(9.284313201904297, 0.17912578582763672, 0),
	Vector3.new(9.183784484863281, -0.32418394088745117, 0),
	Vector3.new(8.767660140991211, -0.7388515472412109, 0),
	Vector3.new(8.277618408203125, -1.0073108673095703, 0),
	Vector3.new(7.843879699707031, -1.1490788459777832, 0),
	Vector3.new(7.383739471435547, -1.166393756866455, 0),
	Vector3.new(6.909814834594727, -1.024515151977539, 0),
	Vector3.new(6.571565628051758, -0.7743382453918457, 0),
	Vector3.new(6.428707122802734, -0.47586584091186523, 0),
	Vector3.new(6.250469207763672, -0.049175262451171875, 0),
	Vector3.new(6.3107452392578125, 0.49724674224853516, 0),
	Vector3.new(6.537258148193359, 0.8593225479125977, 0),
	Vector3.new(7.034368515014648, 1.175863265991211, 0),
	Vector3.new(7.465097427368164, 1.3642511367797852, 0),
	Vector3.new(8.23033332824707, 1.315443515777588, 0),
	Vector3.new(8.664670944213867, 1.0231857299804688, 0),
	Vector3.new(8.957548141479492, 0.5466413497924805, 0),
	Vector3.new(9.107463836669922, 0.04993581771850586, 0),
	Vector3.new(9.005319595336914, -0.33549022674560547, 0),
	Vector3.new(9.281942367553711, 0.15307378768920898, 0),
	Vector3.new(15.905868530273438, 0.04306602478027344, 0),
	Vector3.new(16.02253532409668, -0.39437007904052734, 0),
	Vector3.new(16.02253532409668, -0.39437007904052734, 0),
	Vector3.new(16.167724609375, -0.7465367317199707, 0),
	Vector3.new(16.57723617553711, -1.0727028846740723, 0),
	Vector3.new(17.033597946166992, -1.2391657829284668, 0),
	Vector3.new(17.611175537109375, -1.2612924575805664, 0),
	Vector3.new(18.16122055053711, -1.1081619262695312, 0),
	Vector3.new(18.512392044067383, -0.7865948677062988, 0),
	Vector3.new(18.740352630615234, -0.4171743392944336, 0),
	Vector3.new(18.779285430908203, -0.05502796173095703, 0),
	Vector3.new(19.211597442626953, -0.0010814666748046875, 0),
	Vector3.new(19.926185607910156, -0.01885986328125, 0),
	Vector3.new(20.02281951904297, -0.2876267433166504, 0),
	Vector3.new(20.29596710205078, -0.41619300842285156, 0),
	Vector3.new(20.712923049926758, -0.4618668556213379, 0),
	Vector3.new(21.107681274414062, -0.4511551856994629, 0),
	Vector3.new(21.30842399597168, -0.28278064727783203, 0),
	Vector3.new(21.381099700927734, 0.24702978134155273, 0),
	Vector3.new(21.397911071777344, 0.977510929107666, 0),
	Vector3.new(21.17670440673828, 1.2434115409851074, 0),
	Vector3.new(20.940391540527344, 1.525376319885254, 0),
	Vector3.new(20.957582473754883, 1.85634183883667, 0),
	Vector3.new(21.222965240478516, 1.9954581260681152, 0),
	Vector3.new(21.203327178955078, 2.7329206466674805, 0),
	Vector3.new(20.938976287841797, 2.790644645690918, 0),
	Vector3.new(20.811994552612305, 2.7884950637817383, 0),
	Vector3.new(20.666635513305664, 2.9258031845092773, 0),
	Vector3.new(16.787111282348633, 3.1133432388305664, 0),
	Vector3.new(15.264585494995117, 5.276843070983887, 0),
	Vector3.new(9.438613891601562, 5.161282539367676, 0),
	Vector3.new(8.364601135253906, 3.1662349700927734, 0),
	Vector3.new(5.568113327026367, 3.082180976867676, 0),
	Vector3.new(5.008935928344727, 2.4266929626464844, 0),
	Vector3.new(4.721946716308594, 1.5146164894104004, 0),
	Vector3.new(4.5220947265625, 0.663154125213623, 0),
	Vector3.new(4.506006240844727, 0.3820199966430664, 0),
	Vector3.new(5.219297409057617, 0.28363895416259766, 0),
	Vector3.new(5.198688507080078, 0.15442180633544922, 0),
	Vector3.new(4.472866058349609, 0.12425422668457031, 0),
	Vector3.new(4.0612335205078125, 0.6052131652832031, 0),
	Vector3.new(3.513683319091797, 0.6136903762817383, 0),
	Vector3.new(3.3285903930664062, 0.35861682891845703, 0),
	Vector3.new(2.994873046875, 0.535740852355957, 0),
	Vector3.new(2.6004886627197266, 0.6278314590454102, 0),
	Vector3.new(2.4807300567626953, 0.43692541122436523, 0),
	Vector3.new(2.1802902221679688, 0.4205284118652344, 0),
	Vector3.new(1.9561576843261719, 0.211578369140625, 0),
	Vector3.new(-0.062313079833984375, 0.03754615783691406, 0),
	Vector3.new(1.8919410705566406, 0.21271038055419922, 0),
	Vector3.new(2.1779441833496094, 0.4632558822631836, 0),
	Vector3.new(2.333230972290039, 0.37531089782714844, 0),
	Vector3.new(2.7076988220214844, 0.6476583480834961, 0),
	Vector3.new(3.2605152130126953, 0.42409753799438477, 0),
	Vector3.new(3.4291152954101562, 0.550358772277832, 0),
	Vector3.new(3.996173858642578, 0.5846023559570312, 0),
	Vector3.new(4.382946014404297, 0.19028520584106445, 0),
	Vector3.new(4.953882217407227, 0.22339963912963867, 0),
	Vector3.new(5.282899856567383, 0.3258380889892578, 0),
	Vector3.new(5.61744499206543, 0.25521230697631836, 0),
	Vector3.new(6.035026550292969, 0.574650764465332, 0),
	Vector3.new(6.745607376098633, 1.3810529708862305, 0),
	Vector3.new(7.8195953369140625, 1.5256662368774414, 0),
	Vector3.new(9.059785842895508, 0.6832141876220703, 0),
	Vector3.new(9.19355583190918, 0.30440378189086914, 0),
	Vector3.new(9.561521530151367, 0.20988082885742188, 0),
	Vector3.new(9.633565902709961, 0.36356258392333984, 0),
	Vector3.new(9.501808166503906, 0.8105611801147461, 0),
	Vector3.new(9.135786056518555, 1.2186365127563477, 0),
	Vector3.new(8.836273193359375, 1.4471344947814941, 0),
	Vector3.new(8.581958770751953, 1.5625977516174316, 0),
	Vector3.new(8.590850830078125, 2.8179845809936523, 0),
	Vector3.new(11.977344512939453, 2.7796897888183594, 0),
	Vector3.new(11.99700927734375, 0.25798463821411133, 0),
	Vector3.new(12.444892883300781, 0.1833047866821289, 0),
	Vector3.new(12.486648559570312, 2.7538814544677734, 0),
	Vector3.new(16.508052825927734, 2.735382080078125, 0),
	Vector3.new(16.551544189453125, 1.7373847961425781, 0),
	Vector3.new(16.09451675415039, 1.3437299728393555, 0),
	Vector3.new(15.65353775024414, 0.7699651718139648, 0),
	Vector3.new(15.6280517578125, 0.10683393478393555, 0),
	Vector3.new(15.994224548339844, 0.07784128189086914, 0),
	Vector3.new(16.277141571044922, 0.8306350708007812, 0),
	Vector3.new(16.690608978271484, 1.0106792449951172, 0),
	Vector3.new(17.121788024902344, 1.0751371383666992, 0),
	Vector3.new(17.851116180419922, 1.0661344528198242, 0),
	Vector3.new(18.541942596435547, 0.6366524696350098, 0),
	Vector3.new(18.799785614013672, -0.03927135467529297, 0),
	Vector3.new(20.033361434936523, -0.1070699691772461, 0),
	Vector3.new(20.103591918945312, 0.7788290977478027, 0),
	Vector3.new(20.93211555480957, 0.8385334014892578, 0),
	Vector3.new(21.061054229736328, 1.3122615814208984, 0),
	Vector3.new(20.995616912841797, 1.9128761291503906, 0),
	Vector3.new(20.667903900146484, 1.939683437347412, 0),
	Vector3.new(20.274261474609375, 2.135681629180908, 0),
	Vector3.new(20.158061981201172, 2.3298749923706055, 0),
	Vector3.new(20.373117446899414, 2.5713720321655273, 0),
	Vector3.new(20.586856842041016, 2.7654953002929688, 0),
	Vector3.new(20.449996948242188, 3.0600643157958984, 0),
	Vector3.new(16.89118003845215, 3.0949888229370117, 0),
	Vector3.new(12.495203018188477, 3.107781410217285, 0),
	Vector3.new(12.507242202758789, 4.986385345458984, 0),
	Vector3.new(15.065263748168945, 4.952305793762207, 0),
	Vector3.new(16.088993072509766, 3.7269668579101562, 0),
	Vector3.new(16.107263565063477, 3.266098976135254, 0),
	Vector3.new(16.596099853515625, 3.119988441467285, 0),
	Vector3.new(15.264139175415039, 5.202048301696777, 0),
	Vector3.new(11.926460266113281, 5.1786909103393555, 0),
	Vector3.new(12.022016525268555, 3.156418800354004, 0),
	Vector3.new(8.710067749023438, 3.0955562591552734, 0),
	Vector3.new(9.686882019042969, 4.848563194274902, 0),
	Vector3.new(11.812139511108398, 4.957756042480469, 0)
}
