return {
	Vector3.new(0, 0, 0),
	Vector3.new(0, 0.139892578125, 0.17679286003112793),
	Vector3.new(0, 0.34122276306152344, 0.2581160068511963),
	Vector3.new(0, 0.5645427703857422, 0.2620887756347656),
	Vector3.new(0, 0.563990592956543, 0.555795431137085),
	Vector3.new(0, 0.8304128646850586, 0.4635903835296631),
	Vector3.new(0, 0.8920087814331055, 0.5633800029754639),
	Vector3.new(0, 1.057398796081543, 0.6067073345184326),
	Vector3.new(0, 1.3076143264770508, 0.553147554397583),
	Vector3.new(0, 1.3705368041992188, 0.5347161293029785),
	Vector3.new(0, 1.2871685028076172, 0.35430908203125),
	Vector3.new(0, 1.5815114974975586, 0.3998525142669678),
	Vector3.new(0, 1.4764070510864258, 0.23849081993103027),
	Vector3.new(0, 1.6880741119384766, 0.16215729713439941),
	Vector3.new(0, 1.519033432006836, 0.05986332893371582),
	Vector3.new(0, 1.8377885818481445, -0.0960838794708252),
	Vector3.new(0, 1.62542724609375, -0.19829964637756348),
	Vector3.new(0, 1.7955818176269531, -0.2568368911743164),
	Vector3.new(0, 1.5835647583007812, -0.3783586025238037),
	Vector3.new(0, 1.6900300979614258, -0.5577719211578369),
	Vector3.new(0, 1.6264944076538086, -0.5979266166687012),
	Vector3.new(0, 1.4785995483398438, -0.6181771755218506),
	Vector3.new(0, 1.3102741241455078, -0.5389800071716309),
	Vector3.new(0, 0.9369449615478516, -1.1326324939727783),
	Vector3.new(0, 0.44551944732666016, -1.4227445125579834),
	Vector3.new(0, -0.13687467575073242, -1.90000319480896),
	Vector3.new(0, -0.2749652862548828, -2.5744636058807373),
	Vector3.new(0, -0.2339763641357422, -3.6231820583343506),
	Vector3.new(0, -0.13357973098754883, -4.328936576843262),
	Vector3.new(0, 0.5137710571289062, -5.357431411743164),
	Vector3.new(0, 0.7403545379638672, -5.852018356323242),
	Vector3.new(0, 0.5560951232910156, -6.131246566772461),
	Vector3.new(0, 0.3726768493652344, -6.2313995361328125),
	Vector3.new(0, -0.19104957580566406, -6.057811737060547),
	Vector3.new(0, -0.2505192756652832, -6.227230072021484),
	Vector3.new(0, -0.6256880760192871, -6.092442512512207),
	Vector3.new(0, -0.9958195686340332, -5.729104995727539),
	Vector3.new(0, -1.2842626571655273, -5.587549209594727),
	Vector3.new(0, -1.7204256057739258, -5.585519790649414),
	Vector3.new(0, -2.2602596282958984, -5.310894012451172),
	Vector3.new(0, -2.7167558670043945, -5.159355163574219),
	Vector3.new(0, -3.394968032836914, -4.51506233215332),
	Vector3.new(0, -3.6751747131347656, -4.330394744873047),
	Vector3.new(0, -4.549028396606445, -4.429347991943359),
	Vector3.new(0, -4.734200477600098, -4.736600875854492),
	Vector3.new(0, -4.750467300415039, -4.521335601806641),
	Vector3.new(0, -4.949889659881592, -4.417326927185059),
	Vector3.new(0, -4.965897083282471, -4.167725563049316),
	Vector3.new(0, -4.947293281555176, -3.246875524520874),
	Vector3.new(0, -4.766718864440918, -4.306282997131348),
	Vector3.new(0, -3.848475456237793, -4.046011924743652),
	Vector3.new(0, -3.7261180877685547, -3.3454906940460205),
	Vector3.new(0, -3.6735548973083496, -3.057441473007202),
	Vector3.new(0, -4.0187883377075195, -2.6266419887542725),
	Vector3.new(0, -4.578266143798828, -2.1597955226898193),
	Vector3.new(0, -4.829216480255127, -2.34763503074646),
	Vector3.new(0, -4.795654296875, -2.206753969192505),
	Vector3.new(0, -4.928116798400879, -2.0612165927886963),
	Vector3.new(0, -4.951173782348633, -1.8148548603057861),
	Vector3.new(0, -4.905060768127441, -0.9299876689910889),
	Vector3.new(0, -4.8135480880737305, -1.7184202671051025),
	Vector3.new(0, -4.489104270935059, -2.032127618789673),
	Vector3.new(0, -3.97977876663208, -2.442998170852661),
	Vector3.new(0, -3.7937498092651367, -2.2317378520965576),
	Vector3.new(0, -3.433102607727051, -1.8838346004486084),
	Vector3.new(0, -3.160573959350586, -1.8981645107269287),
	Vector3.new(0, -2.8476319313049316, -1.3860194683074951),
	Vector3.new(0, -2.291905403137207, -0.6230180263519287),
	Vector3.new(0, -1.7234086990356445, -0.32658910751342773),
	Vector3.new(0, -1.0292773246765137, 0.005654335021972656),
	Vector3.new(0, -0.3730010986328125, 0.11808419227600098),
	Vector3.new(0, -0.11606121063232422, 0.012213706970214844)
}
