return {
	Vector3.new(0, 0, 0),
	Vector3.new(1.1623611450195312, 0.4656229019165039, 0),
	Vector3.new(2.052370071411133, 0.8728084564208984, 0),
	Vector3.new(3.047330856323242, 1.48872709274292, 0),
	Vector3.new(3.939021110534668, 2.1343603134155273, 0),
	Vector3.new(4.519453048706055, 2.509145736694336, 0),
	Vector3.new(4.529808044433594, 3.712752342224121, 0),
	Vector3.new(4.526899337768555, 5.530460357666016, 0),
	Vector3.new(4.180852890014648, 7.639797210693359, 0),
	Vector3.new(3.689544677734375, 9.318560600280762, 0),
	Vector3.new(2.960627555847168, 11.100638389587402, 0),
	Vector3.new(1.997584342956543, 13.113883018493652, 0),
	Vector3.new(-1.7113189697265625, 14.365227699279785, 0),
	Vector3.new(-2.244243621826172, 13.43317699432373, 0),
	Vector3.new(-6.239042282104492, 13.318381309509277, 0),
	Vector3.new(-6.736045837402344, 14.436251640319824, 0),
	Vector3.new(-9.243743896484375, 13.711525917053223, 0),
	Vector3.new(-10.394554138183594, 13.221055030822754, 0),
	Vector3.new(-11.274177551269531, 11.799704551696777, 0),
	Vector3.new(-12.152349472045898, 9.93948745727539, 0),
	Vector3.new(-12.848806381225586, 7.6037750244140625, 0),
	Vector3.new(-13.036205291748047, 6.568609237670898, 0),
	Vector3.new(-13.216958999633789, 4.48305606842041, 0),
	Vector3.new(-13.098060607910156, 2.5625782012939453, 0),
	Vector3.new(-11.488761901855469, 1.3356924057006836, 0),
	Vector3.new(-8.644157409667969, 0.08387231826782227, 0),
	Vector3.new(-7.67194938659668, 1.6294703483581543, 0),
	Vector3.new(-9.033452987670898, 2.432650566101074, 0),
	Vector3.new(-8.716894149780273, 2.726991653442383, 0),
	Vector3.new(-7.858390808105469, 2.3693008422851562, 0),
	Vector3.new(-7.237249374389648, 2.135680675506592, 0),
	Vector3.new(-6.33317756652832, 1.9028091430664062, 0),
	Vector3.new(-5.400712966918945, 1.723076343536377, 0),
	Vector3.new(-4.513206481933594, 1.7375907897949219, 0),
	Vector3.new(-3.7450428009033203, 1.6382684707641602, 0),
	Vector3.new(-2.4150009155273438, 1.7719082832336426, 0),
	Vector3.new(0.14703369140625, 2.7688379287719727, 0),
	Vector3.new(0.4230051040649414, 2.4099340438842773, 0),
	Vector3.new(-1.1402359008789062, 1.7095627784729004, 0),
	Vector3.new(-0.048381805419921875, 0.045049190521240234, 0),
	Vector3.new(-1.138885498046875, 4.629067420959473, 0),
	Vector3.new(-0.45035552978515625, 4.9359025955200195, 0),
	Vector3.new(-0.07875633239746094, 5.365349769592285, 0),
	Vector3.new(0.22161006927490234, 6.314243316650391, 0),
	Vector3.new(0.025168418884277344, 7.414599418640137, 0),
	Vector3.new(-0.4117584228515625, 7.952762603759766, 0),
	Vector3.new(-0.9238471984863281, 8.229272842407227, 0),
	Vector3.new(-1.3347415924072266, 8.31130313873291, 0),
	Vector3.new(-1.79339599609375, 8.201199531555176, 0),
	Vector3.new(-2.4139747619628906, 7.838064193725586, 0),
	Vector3.new(-2.7624988555908203, 7.29246711730957, 0),
	Vector3.new(-2.893054962158203, 6.363051414489746, 0),
	Vector3.new(-2.5591602325439453, 5.318120002746582, 0),
	Vector3.new(-2.0174007415771484, 4.825098991394043, 0),
	Vector3.new(-1.095123291015625, 4.561532974243164, 0),
	Vector3.new(-6.832862854003906, 4.690285682678223, 0),
	Vector3.new(-6.832862854003906, 4.690285682678223, 0),
	Vector3.new(-7.822275161743164, 4.683319091796875, 0),
	Vector3.new(-8.545463562011719, 5.381321907043457, 0),
	Vector3.new(-8.75039291381836, 5.993701934814453, 0),
	Vector3.new(-8.849533081054688, 6.860444068908691, 0),
	Vector3.new(-8.592971801757812, 7.571130752563477, 0),
	Vector3.new(-8.146238327026367, 8.05698299407959, 0),
	Vector3.new(-7.309309005737305, 8.336201667785645, 0),
	Vector3.new(-6.733282089233398, 8.281177520751953, 0),
	Vector3.new(-6.168149948120117, 7.889802932739258, 0),
	Vector3.new(-5.868309020996094, 7.2264909744262695, 0),
	Vector3.new(-5.63916015625, 6.413785934448242, 0),
	Vector3.new(-5.839910507202148, 5.688636779785156, 0),
	Vector3.new(-6.4296875, 4.963141441345215, 0),
	Vector3.new(-6.864723205566406, 4.690060615539551, 0)
}
